Series: seriesI_odnejstar_jednotnarada.csv  |  4020 numbers, range 1-50
Mode: 5/50 (draws of 5)  |  Complete draws: 804, leftover: 0
Generated: 2026-03-27
Last 3 draws: [(8, 17, 26, 31, 47), (2, 3, 17, 18, 28), (7, 23, 37, 44, 47)]

======================================================================
METHOD A — Frequency + Recency  (draw_freq x 0.5 + recency x 0.5)
Pool top-14: [1, 8, 14, 17, 18, 20, 21, 23, 27, 30, 35, 37, 41, 45]
======================================================================
Rank  Draw                             Score
----------------------------------------------
   1  [8, 17, 23, 35, 37]             436.80
   2  [1, 8, 17, 35, 37]              434.07
   3  [8, 17, 21, 35, 37]             434.05
   4  [1, 8, 23, 35, 37]              432.96
   5  [8, 21, 23, 35, 37]             432.93
   6  [1, 8, 17, 23, 35]              432.37
   7  [1, 8, 17, 23, 37]              432.34
   8  [8, 17, 21, 23, 35]             432.34
   9  [8, 17, 21, 23, 37]             432.32
  10  [8, 17, 18, 35, 37]             430.64

Core pair in every top-10: check top repeating numbers
  [(8, 10), (17, 8), (35, 8), (37, 8), (23, 7)]

======================================================================
METHOD B — Neural 50x50 (cosine-sim embeddings + recency)
Pool top-14: [1, 3, 7, 8, 17, 18, 21, 23, 26, 27, 35, 37, 44, 47]
======================================================================
Rank  Draw                             Score
----------------------------------------------
   1  [8, 17, 23, 37, 47]             3.4115
   2  [8, 17, 18, 37, 47]             3.3642
   3  [3, 8, 17, 37, 47]              3.3271
   4  [8, 17, 26, 37, 47]             3.3174
   5  [1, 8, 17, 37, 47]              3.3144
   6  [8, 17, 35, 37, 47]             3.3021
   7  [8, 17, 18, 23, 37]             3.2966
   8  [8, 17, 18, 23, 47]             3.2957
   9  [8, 17, 21, 37, 47]             3.2936
  10  [8, 17, 37, 44, 47]             3.2901

Most frequent in top-10 draws: [(8, 10), (17, 10), (37, 9), (47, 9), (23, 3)]
